SM 1.0 1.0 1.0 1.0 1.0 1.0 1.0 1.0 1.0 1.0 1.0 1.0 1.0 1.0 1.0 1.0 1.0 1.0 1.0 1.0 1.0 1.0 1.0 1.0 1.0 1.0 1.0 1.0 1.0 1.0 1.0 1.0 1.0 1.0 1.0 1.0 1.0 1.0 1.0 1.0 1.0 1.0 1.0
cHW_cHB_cHWB_cHDD_cuWAbs_cuBAbs_ev1 -0.183005 -0.201736 -0.364727 -0.190947 -0.315047 47.8081 47.8393 47.84 47.8399 47.84 47.8897 47.8899 47.84 47.84 47.84 47.84 47.8402 47.84 47.6954 47.84 47.723 47.5511 47.7328 47.6067 47.8539 47.84 47.84 47.8401 47.84 47.7946 47.804 0.327916 0.359803 0.359803 0.359803 0.359803 0.359803 0.359803 0.215248 0.359803 0.39741 0.178213 0.356163
cHW_cHB_cHWB_cHDD_cuWAbs_cuBAbs_ev2 -0.710735 -0.755467 -1.05546 -0.734256 -0.878841 0.172392 0.358311 0.360452 0.359162 0.360492 0.490226 0.487634 0.360432 0.360472 0.360477 0.360478 0.360402 0.360458 -0.26741 0.360446 -0.347876 -0.666731 -0.321986 -0.468972 0.345748 0.360482 0.360482 0.360397 0.360442 0.185232 0.165278 -0.211859 -0.0238107 -0.0237907 -0.0238397 -0.0238057 -0.0238047 -0.0238247 -0.651586 -0.0238407 0.0560348 -0.8037 -0.038743
cHW_cHB_cHWB_cHDD_cuWAbs_cuBAbs_ev3 0.22807 0.266497 -0.105987 0.224654 -0.0914209 0.0549752 0.0346626 0.0361992 0.0360121 0.0364792 0.0680762 0.067565 0.0360592 0.0363392 0.0363742 0.0363812 0.036186 0.0362412 0.0843952 0.0361572 0.291303 -0.0492818 0.284922 -0.0328088 0.0714092 0.0364092 0.0364092 0.0361101 0.0361292 0.0169712 0.0656892 0.29283 0.274197 0.274337 0.273994 0.274232 0.274239 0.274099 0.322245 0.273987 0.307558 0.346254 0.272363
cHl1_cHe_ev1 -0.005746 -0.005858 0.0 -0.00514 0.0 0.0 0.0 0.0 0.0 0.0 0.0 0.0 0.0 0.0 0.0 0.0 0.0 0.0 0.0 0.0 -0.00514 0.0 -0.005746 0.0 0.0 0.0 0.0 0.0 0.0 0.0 0.0 0.161019 0.161019 0.161019 0.161019 0.161019 0.161019 0.161019 0.161019 0.161019 0.161019 0.15842 0.161019
cHl3_cll1_ev1 -0.270897 -0.279117 -0.248977 -0.276377 -0.267657 -0.642643 -0.363863 -0.383303 -0.364833 -0.363643 -0.643513 -0.781666 -0.387783 -0.370603 -0.369537 -0.368343 -0.36604 -0.377453 -0.644383 -0.383673 -0.547963 -0.535633 -0.542483 -0.539243 -0.643013 -0.385303 -0.360403 -0.373073 -0.384543 -0.537326 -0.647993 -0.529084 -0.256221 -0.250132 -0.270658 -0.256025 -0.254831 -0.263939 -0.530824 -0.271028 -0.530454 -0.427359 -0.266962
cHq3 1.26882 7.88682 10.5868 2.66682 1.67882 -1.34318 0.009018 -0.013182 -0.008676 -0.013182 -0.411182 -0.388182 -0.013182 -0.013182 -0.013182 -0.013182 -0.009937 -0.013182 2.05682 -0.013182 3.84682 5.48682 1.26882 1.42082 -0.088182 -0.013182 -0.013182 -0.010104 -0.013182 0.305818 0.376818 -1.34295 -0.0131798 -0.0131798 -0.0131798 -0.0131798 -0.0131798 -0.0131798 2.05647 -0.0131798 -0.295132 1.84151 0.017915
cHu_cHd_cHq1_ev1 -0.308104 -2.3515 0.0 -0.75678 0.0 0.110554 -0.00572512 0.0 0.0 0.0 0.028487 0.019906 0.0 0.0 0.0 0.0 0.0 0.0 -0.153958 0.0 -1.11388 0.0 -0.308104 0.0 -0.00126 0.0 0.0 0.0 0.0 0.0 -0.025777 0.110535 0.0 0.0 0.0 0.0 0.0 0.0 -0.153932 0.0 0.0157962 -0.194947 -0.000450164
ggH_top_ev1 -1.36163 -1.35751 -1.36243 -1.35873 -1.36243 -1.36243 -0.669788 44.6463 -0.842911 42.6528 -1.36243 -1.36243 43.6473 45.6531 40.8553 40.6544 -0.942108 41.653 -1.36243 45.2502 -1.35843 -1.36243 -1.36163 -1.36243 -1.36243 78.6649 58.6553 -0.980107 42.6528 -1.11309 -1.36243 -1.3622 49.6451 42.6455 44.6413 40.8484 40.6475 42.1454 -1.3622 42.6455 -1.3622 -1.36162 -0.898851
ggH_top_ev2 0.015138 0.0963486 -0.000608364 0.0722916 -0.000608364 -0.000608364 -1.69731 -0.163688 -1.08476 -0.0222084 -0.000608364 -0.000608364 -0.136688 -0.0375984 0.0409716 0.0245016 -0.870121 -0.00978836 -0.000608364 -0.0924084 0.0781236 -0.000608364 0.015138 -0.000608364 -0.000608364 -0.0465084 -0.0897084 -0.80946 -0.0222084 -0.115535 -0.000608364 -0.000608261 -0.0581085 -0.0222046 -0.112639 0.0409647 0.0244975 -0.0232844 -0.000608261 -0.0222046 -0.000608261 0.0107753 -0.972333
ggH_top_ev3 -0.0138683 -0.0896203 0.000819675 -0.0671803 0.000819675 0.000819675 -0.323392 0.14442 0.175549 0.0128197 0.000819675 0.000819675 0.11942 0.0266197 -0.0457803 -0.0303803 0.256578 0.00141967 0.000819675 0.0778197 -0.0726203 0.000819675 -0.0138683 0.000819675 0.000819675 0.0288197 0.0728197 0.28382 0.0128197 0.0688617 0.000819675 0.000819536 0.045012 0.0128175 0.0968032 -0.0457725 -0.0303752 0.0139173 0.000819536 0.0128175 0.000819536 -0.0097989 0.142629
cHW_cHB_cHWB_cHDD_cuWAbs_cuBAbs_ev1^2 -1.29109 -1.22273 -1.14766 -1.2771 -1.27127 807.802 809.2 809.232 809.228 809.232 811.634 811.621 809.232 809.232 809.232 809.232 809.241 809.232 802.34 809.232 803.673 795.485 804.117 798.09 809.932 809.232 809.232 809.24 809.232 807.064 807.537 1.70974 1.62514 1.62514 1.62514 1.62514 1.62514 1.62514 1.59814 1.62514 1.66641 1.56131 1.62289
cHW_cHB_cHWB_cHDD_cuWAbs_cuBAbs_ev1*cHW_cHB_cHWB_cHDD_cuWAbs_cuBAbs_ev2 0.0949676 0.401289 1.09581 0.16265 0.228814 -40.5025 -31.8413 -31.7387 -31.8004 -31.7367 -25.4821 -25.6363 -31.7396 -31.7377 -31.7375 -31.7374 -31.741 -31.7384 -61.6997 -31.7389 -65.5157 -80.4545 -64.3839 -71.3692 -32.3646 -31.7372 -31.7372 -31.7412 -31.7391 -40.1029 -41.0455 -0.305037 -0.482559 -0.482552 -0.48257 -0.482557 -0.482557 -0.482564 -0.577086 -0.48257 -0.407628 -0.700998 -0.487029
cHW_cHB_cHWB_cHDD_cuWAbs_cuBAbs_ev1*cHW_cHB_cHWB_cHDD_cuWAbs_cuBAbs_ev3 0.0421544 -0.0998255 0.177509 0.010786 0.104715 -22.9354 -23.9453 -23.8718 -23.8808 -23.8585 -22.333 -22.3694 -23.8785 -23.8651 -23.8635 -23.8631 -23.8725 -23.8698 -21.5698 -23.8739 -11.7495 -27.9279 -11.9995 -27.1708 -22.1722 -23.8618 -23.8618 -23.8761 -23.8752 -24.7905 -22.4552 -0.202956 -0.240317 -0.240267 -0.24039 -0.240305 -0.240302 -0.240352 -0.261032 -0.240393 -0.20474 -0.201905 -0.236585
cHl1_cHe_ev1*cHW_cHB_cHWB_cHDD_cuWAbs_cuBAbs_ev1 0.000737899 0.000444192 0.0 0.00223975 0.0 0.0 0.0 0.0 0.0 0.0 0.0 0.0 0.0 0.0 0.0 0.0 0.0 0.0 0.0 0.0 -0.242871 0.0 -0.274586 0.0 0.0 0.0 0.0 0.0 0.0 0.0 0.0 0.00111411 0.00624932 0.00624932 0.00624932 0.00624932 0.00624932 0.00624932 -0.0170308 0.00624932 0.0123057 -0.0144205 0.00566311
cHl3_cll1_ev1*cHW_cHB_cHWB_cHDD_cuWAbs_cuBAbs_ev1 0.0217741 0.0276562 0.0335025 0.0250025 0.0347317 -11.2229 2.09989 1.16977 2.05337 2.1103 -11.2998 -17.8997 0.955444 1.77734 1.82833 1.88545 1.99558 1.44963 -11.2556 1.15207 -6.65961 -6.00783 -6.40262 -6.20044 -11.2612 1.07409 2.2653 1.65913 1.11045 -6.18027 -11.4772 -0.135481 -0.0478199 -0.0456287 -0.0530155 -0.0477494 -0.0473198 -0.0505976 -0.0983175 -0.0531486 -0.158747 -0.0580009 -0.0500326
cHq3*cHW_cHB_cHWB_cHDD_cuWAbs_cuBAbs_ev1 -0.138598 -1.94537 -2.41795 -0.285698 -0.358046 -64.3914 0.432429 -0.629627 -0.414039 -0.629627 -19.7031 -18.5703 -0.629627 -0.629627 -0.629627 -0.629627 -0.474389 -0.629627 98.182 -0.629627 183.769 261.657 60.6578 67.7843 -4.27861 -0.629627 -0.629627 -0.482378 -0.629627 14.5866 17.9609 -0.616838 -0.00374355 -0.00374355 -0.00374355 -0.00374355 -0.00374355 -0.00374355 0.523992 -0.00374355 -0.150516 1.03032 0.0575258
cHu_cHd_cHq1_ev1*cHW_cHB_cHWB_cHDD_cuWAbs_cuBAbs_ev1 0.100654 -0.099554 0.0 0.282093 0.0 5.29202 -0.27389 0.0 9e-06 0.0 1.36242 0.952302 0.0 0.0 0.0 0.0 0.0 0.0 -7.34054 0.0 -52.9678 0.0 -14.6624 0.0 -0.0571892 0.0 0.0 0.0 0.0 0.0 -1.22655 0.0429011 0.0 0.0 0.0 0.0 0.0 0.0 -0.0305982 0.0 0.00685479 -0.027837 -0.000757896
cHW_cHB_cHWB_cHDD_cuWAbs_cuBAbs_ev1*ggH_top_ev1 0.351325 0.383649 0.597874 0.363565 0.530189 -65.0341 -31.9408 2135.98 -40.2238 2040.61 -65.1453 -65.1456 2088.19 2184.14 1954.62 1945.01 -44.9642 1992.78 -64.8806 2164.87 -64.7231 -64.684 -64.8922 -64.7597 -65.0965 3763.43 2806.17 -46.7859 2040.61 -53.1061 -65.0286 -0.345819 17.9664 15.4475 16.1658 14.8008 14.7285 15.2676 -0.192316 15.4475 -0.440499 -0.13897 -0.209964
cHW_cHB_cHWB_cHDD_cuWAbs_cuBAbs_ev1*ggH_top_ev2 0.020598 0.154645 0.000331467 0.0485638 0.000301243 -0.0289751 -81.1616 -7.83074 -51.888 -1.06234 -0.0290248 -0.0290249 -6.53906 -1.79859 1.96019 1.17227 -41.6292 -0.468165 -0.0289066 -4.4207 3.81554 -0.0288188 0.745949 -0.0288526 -0.029003 -2.22485 -4.29154 -38.7217 -1.06234 -5.51609 -0.0289727 -8.99311e-05 -0.0208016 -0.00788108 -0.0404253 0.0148513 0.00892533 -0.00826966 -2.13874e-05 -0.00788108 -0.000132208 0.0569266 -0.33216
cHW_cHB_cHWB_cHDD_cuWAbs_cuBAbs_ev1*ggH_top_ev3 -0.0192784 -0.144321 -0.00041986 -0.0453664 -0.000379139 0.0390662 -15.4237 6.90891 8.40691 0.613172 0.0391331 0.0391333 5.71291 1.27336 -2.19025 -1.45351 12.2852 0.0677963 0.0389738 3.72277 -3.54706 0.0388555 -0.68379 0.0389011 0.0391037 1.37861 3.48357 13.5813 0.613172 3.28563 0.0390629 0.000147902 0.0160773 0.00449168 0.0347151 -0.0165928 -0.0110518 0.00488746 5.55506e-05 0.00449168 0.000204864 -0.053074 0.0536344
cHW_cHB_cHWB_cHDD_cuWAbs_cuBAbs_ev2^2 0.162106 1.17572 1.78596 0.391809 0.266032 0.626702 0.236196 0.236912 0.236463 0.236926 0.332611 0.282796 0.236905 0.236919 0.236921 0.236921 0.236906 0.236914 0.285643 0.23691 0.568916 0.806557 0.17362 0.174646 0.358228 0.236923 0.236923 0.236894 0.236908 0.241532 0.25564 0.832639 0.370658 0.370657 0.370658 0.370658 0.370658 0.370658 0.660619 0.370658 0.447032 0.681112 0.376715
cHW_cHB_cHWB_cHDD_cuWAbs_cuBAbs_ev2*cHW_cHB_cHWB_cHDD_cuWAbs_cuBAbs_ev3 -0.156521 -0.395006 0.239496 -0.205517 -0.0157976 0.418069 0.316442 0.316814 0.31678 0.316915 0.349103 0.333018 0.316762 0.316864 0.316877 0.31688 0.316847 0.316828 0.316997 0.316798 0.213834 0.404522 0.299509 0.300326 0.354434 0.31689 0.31689 0.316787 0.316787 0.319156 0.330534 0.653489 0.604199 0.604201 0.604196 0.6042 0.6042 0.604198 0.436517 0.604196 0.645543 0.636249 0.608579
cHl1_cHe_ev1*cHW_cHB_cHWB_cHDD_cuWAbs_cuBAbs_ev2 0.00198396 0.000170291 0.0 0.002883 0.0 0.0 0.0 0.0 0.0 0.0 0.0 0.0 0.0 0.0 0.0 0.0 0.0 0.0 0.0 0.0 0.000618832 0.0 -0.000249796 0.0 0.0 0.0 0.0 0.0 0.0 0.0 0.0 -0.0468706 -0.0165862 -0.016583 -0.0165909 -0.0165854 -0.0165853 -0.0165885 -0.117687 -0.0165911 -0.00372745 -0.110786 -0.018991
cHl3_cll1_ev1*cHW_cHB_cHWB_cHDD_cuWAbs_cuBAbs_ev2 0.0810812 0.0893712 0.100114 0.0811915 0.0999786 0.0040164 0.0245316 0.0169706 0.0239661 0.0240539 -0.13258 -0.156915 0.0153591 0.0215476 0.021931 0.0223616 0.0232278 0.0190797 0.203445 0.0168385 0.226591 0.352682 0.221482 0.280614 -0.0718676 0.0162419 0.0252251 0.0206917 0.0165256 0.0335284 0.00727374 0.110813 0.0451349 0.0449892 0.045478 0.0451297 0.0451015 0.0453181 0.260981 0.0454868 0.0256907 0.260747 0.0494473
cHq3*cHW_cHB_cHWB_cHDD_cuWAbs_cuBAbs_ev2 -0.628533 -5.0107 -6.04228 -1.62394 -0.870788 -0.961734 0.00365068 -0.00438668 -0.00275404 -0.0043872 -0.254085 -0.141353 -0.00438641 -0.00438694 -0.00438701 -0.00438702 -0.00321532 -0.00438676 -0.252512 -0.0043866 -0.85447 -0.982601 -0.135281 -0.157906 -0.284851 -0.00438707 -0.00438707 -0.0032755 -0.00438655 -0.0504907 -0.101113 -0.445492 0.00067861 0.000678347 0.000678992 0.000678544 0.000678531 0.000678795 -1.04274 0.000679006 -0.153077 -0.957496 -0.0146032
cHu_cHd_cHq1_ev1*cHW_cHB_cHWB_cHDD_cuWAbs_cuBAbs_ev2 0.0290726 0.210148 0.0 0.0795556 0.0 0.0429258 -0.00206546 0.0 -4.5e-06 0.0 0.0135749 0.00718153 0.0 0.0 0.0 0.0 0.0 0.0 -0.0400813 0.0 -0.267693 0.0 -0.0907026 0.0 0.000109627 0.0 0.0 0.0 0.0 0.0 0.00288338 0.000441278 0.0 0.0 0.0 0.0 0.0 0.0 0.0190794 0.0 0.00228751 -0.013409 -0.000939553
cHW_cHB_cHWB_cHDD_cuWAbs_cuBAbs_ev2*ggH_top_ev1 1.01364 1.11105 1.47687 1.05386 1.23624 -0.195989 -0.199405 16.1465 -0.263222 15.4272 -0.629015 -0.625483 15.7861 16.5096 14.7787 14.7063 -0.301857 15.0666 0.40321 16.3643 0.535267 0.947256 0.484307 0.677824 -0.432174 28.4194 21.2005 -0.308447 15.4273 -0.1878 -0.186296 0.327519 -1.12811 -0.96354 -1.0104 -0.92126 -0.916538 -0.951733 0.926616 -0.963472 -0.0374668 1.14483 0.0805085
cHW_cHB_cHWB_cHDD_cuWAbs_cuBAbs_ev2*ggH_top_ev2 0.127122 0.845712 0.000634369 0.288111 0.000526921 -0.000112611 -0.56194 -0.0590617 -0.382154 -0.00801972 -0.00030597 -0.000304393 -0.0493209 -0.013572 0.0147739 0.00883195 -0.307387 -0.00353891 0.000154949 -0.0333459 0.442082 0.000397881 0.133007 0.000277572 -0.000218075 -0.0167865 -0.0323718 -0.288597 -0.00801969 0.00126146 -0.000108283 0.000121154 0.00135885 0.000514572 0.00264115 -0.000970826 -0.000583605 0.000539985 0.000388669 0.000514603 -4.18223e-05 0.216675 0.0347198
cHW_cHB_cHWB_cHDD_cuWAbs_cuBAbs_ev2*ggH_top_ev3 -0.118764 -0.789065 -0.000865117 -0.268938 -0.000720348 0.000141322 -0.052921 0.0521023 0.0749621 0.00462477 0.000401842 0.000399717 0.043083 0.0096034 -0.0165165 -0.0109606 0.0972223 0.000511938 -0.000219173 0.0280749 -0.412463 -0.000546487 -0.124155 -0.000384388 0.000283417 0.0103971 0.0262711 0.107087 0.00462472 0.00439729 0.00013549 -0.000173639 -0.00105868 -0.000301613 -0.00227655 0.0010761 0.000714039 -0.000327503 -0.000534073 -0.000301654 4.59465e-05 -0.202321 0.0119884
cHW_cHB_cHWB_cHDD_cuWAbs_cuBAbs_ev3^2 -0.0423066 0.159915 -0.0587391 0.00354489 -0.0694562 0.0917995 0.0517374 0.0515134 0.0516087 0.0515193 0.0619035 0.0527142 0.0515031 0.0515139 0.0515152 0.0515155 0.0515275 0.0515101 0.0721894 0.0515069 0.17791 0.0548627 0.0961327 0.0505679 0.0662498 0.0515166 0.0515166 0.0515177 0.0515058 0.052453 0.0609272 0.405127 0.360415 0.360454 0.360359 0.360425 0.360427 0.360388 0.392518 0.360357 0.379957 0.424443 0.357625
cHl1_cHe_ev1*cHW_cHB_cHWB_cHDD_cuWAbs_cuBAbs_ev3 -0.000676999 0.000152663 0.0 0.00122184 0.0 0.0 0.0 0.0 0.0 0.0 0.0 0.0 0.0 0.0 0.0 0.0 0.0 0.0 0.0 0.0 0.000229623 0.0 -0.00100367 0.0 0.0 0.0 0.0 0.0 0.0 0.0 0.0 0.0286287 0.025628 0.0256505 0.0255953 0.0256336 0.0256348 0.0256122 0.0333659 0.0255942 0.0310007 0.0387705 0.0253326
cHl3_cll1_ev1*cHW_cHB_cHWB_cHDD_cuWAbs_cuBAbs_ev3 -0.0238346 -0.0285959 0.00986494 -0.0232042 0.010209 -0.0120107 0.00660377 0.00530303 0.00620527 0.00599233 -0.0181419 -0.0174498 0.00516403 0.005758 0.00579067 0.00583491 0.00609152 0.00551794 -0.0249696 0.00529877 -0.0966604 0.0322597 -0.094155 0.0262855 -0.0186284 0.00517634 0.00613348 0.0058392 0.00527197 0.00800156 -0.0183529 -0.10348 -0.0228794 -0.0212141 -0.026844 -0.0228296 -0.0225006 -0.0250003 -0.113513 -0.0269454 -0.109132 -0.0953186 -0.0276036
cHq3*cHW_cHB_cHWB_cHDD_cuWAbs_cuBAbs_ev3 0.113503 -0.54876 -0.673565 0.207907 -0.100735 -0.091634 0.000611172 -0.000262432 -0.00011676 -0.000266123 -0.0299414 -0.0150906 -0.000260587 -0.000264278 -0.000264739 -0.000264831 -0.000137524 -0.000262986 0.100271 -0.000261879 0.57075 -0.0357202 0.185638 -0.00243101 -0.00720951 -0.0002652 -0.0002652 -0.000142942 -0.00026151 -0.00224688 -0.0056599 -0.411113 -0.00339976 -0.0034016 -0.00339708 -0.00340022 -0.00340031 -0.00339847 0.589497 -0.00339699 -0.0950329 -1.48708 -0.177722
cHu_cHd_cHq1_ev1*cHW_cHB_cHWB_cHDD_cuWAbs_cuBAbs_ev3 -0.0986486 -0.782902 0.0 -0.368079 0.0 -0.0432004 -0.000220069 0.0 -1.35e-05 0.0 -0.00611788 0.00076517 0.0 0.0 0.0 0.0 0.0 0.0 -0.0605668 0.0 -0.619217 0.0 -0.116165 0.0 -0.0172512 0.0 0.0 0.0 0.0 0.0 -0.0118148 -0.0168962 0.0 0.0 0.0 0.0 0.0 0.0 -0.0971776 0.0 -0.00564552 -0.140587 0.000216642
cHW_cHB_cHWB_cHDD_cuWAbs_cuBAbs_ev3*ggH_top_ev1 -0.292256 -0.346914 0.16356 -0.2881 0.143715 -0.0557391 -0.00144013 1.73838 -0.0113321 1.66137 -0.0735882 -0.0728919 1.70017 1.77689 1.59242 1.58469 -0.0180013 1.62326 -0.0958217 1.76165 -0.379065 0.0863036 -0.369667 0.0638603 -0.0781292 3.04574 2.27659 -0.0148611 1.66184 0.00109144 -0.0703361 -0.379802 13.7411 11.8066 12.3586 11.3102 11.2546 11.6688 -0.419878 11.8071 -0.399869 -0.4522 -0.250096
cHW_cHB_cHWB_cHDD_cuWAbs_cuBAbs_ev3*ggH_top_ev2 -0.0135389 -0.058958 0.000207499 -0.023359 0.000198638 0.000109576 -0.140615 -0.00614766 -0.055127 -0.000709458 0.000101606 0.000101917 -0.00510972 -0.00130095 0.00171919 0.0010861 -0.0354196 -0.000231899 9.16777e-05 -0.00340769 -0.0265615 0.000173002 -0.0126783 0.00016298 9.9578e-05 -0.00164349 -0.00330406 -0.0362423 -0.000709245 0.000663079 0.000103058 -3.51507e-05 -0.0159136 -0.00599191 -0.0309827 0.0114646 0.00691397 -0.00629016 -5.30458e-05 -0.0059917 -4.4111e-05 0.00759716 -0.315782
cHW_cHB_cHWB_cHDD_cuWAbs_cuBAbs_ev3*ggH_top_ev3 0.0126828 0.0550588 -0.000223828 0.0218421 -0.000211889 -9.18914e-05 -0.108078 0.00541258 -0.010641 0.000354218 -8.11528e-05 -8.15718e-05 0.00445149 0.000884563 -0.0018984 -0.00130643 -0.00393968 -8.41837e-05 -6.77765e-05 0.0028525 0.024846 -0.000177348 0.0118944 -0.000163846 -7.84208e-05 0.000969187 0.00266051 0.00413215 0.000353931 0.00442784 -8.31094e-05 0.000103095 0.0123001 0.0034035 0.0266121 -0.0127876 -0.0085326 0.00370723 0.000127206 0.00340321 0.000115168 -0.00700274 0.0453655
cHl1_cHe_ev1^2 0.0041952 0.0057964 0.0 0.0048036 0.0 0.0 0.0 0.0 0.0 0.0 0.0 0.0 0.0 0.0 0.0 0.0 0.0 0.0 0.0 0.0 0.0048036 0.0 0.0041952 0.0 0.0 0.0 0.0 0.0 0.0 0.0 0.0 0.00595579 0.00595579 0.00595579 0.00595579 0.00595579 0.00595579 0.00595579 0.00595579 0.00595579 0.00595579 0.00713828 0.00595579
cHl1_cHe_ev1*cHl3_cll1_ev1 0.00155623 0.00203258 0.0 0.00273587 0.0 0.0 0.0 0.0 0.0 0.0 0.0 0.0 0.0 0.0 0.0 0.0 0.0 0.0 0.0 0.0 0.00413182 0.0 0.00311677 0.0 0.0 0.0 0.0 0.0 0.0 0.0 0.0 -0.0609154 -0.0169718 -0.0159912 -0.0192969 -0.0169402 -0.016748 -0.0182149 -0.0611956 -0.0193565 -0.061136 -0.043888 -0.0187016
cHl1_cHe_ev1*cHq3 0.00307574 7.72202e-05 0.0 0.0620678 0.0 0.0 0.0 0.0 0.0 0.0 0.0 0.0 0.0 0.0 0.0 0.0 0.0 0.0 0.0 0.0 6.77555e-05 0.0 0.00307574 0.0 0.0 0.0 0.0 0.0 0.0 0.0 0.0 -0.216277 -0.00212255 -0.00212255 -0.00212255 -0.00212255 -0.00212255 -0.00212255 0.331186 -0.00212255 -0.0475298 0.056642 0.00288513
cHl1_cHe_ev1*cHu_cHd_cHq1_ev1 0.001014 0.0 0.0 0.0 0.0 0.0 0.0 0.0 0.0 0.0 0.0 0.0 0.0 0.0 0.0 0.0 0.0 0.0 0.0 0.0 0.0 0.0 0.001014 0.0 0.0 0.0 0.0 0.0 0.0 0.0 0.0 0.0178013 0.0 0.0 0.0 0.0 0.0 0.0 -0.0247901 0.0 0.00254391 -0.0313954 -7.2497e-05
cHl1_cHe_ev1*ggH_top_ev1 0.00779891 0.00875958 0.0 0.00721378 0.0 0.0 0.0 0.0 0.0 0.0 0.0 0.0 0.0 0.0 0.0 0.0 0.0 0.0 0.0 0.0 0.00735142 0.0 0.00779891 0.0 0.0 0.0 0.0 0.0 0.0 0.0 0.0 -0.219376 7.99514 6.86789 7.18931 6.57847 6.54611 6.78734 -0.219376 6.86789 -0.219376 -0.215732 -0.144756
cHl1_cHe_ev1*ggH_top_ev2 -0.000579704 0.0153417 0.0 0.00415843 0.0 0.0 0.0 0.0 0.0 0.0 0.0 0.0 0.0 0.0 0.0 0.0 0.0 0.0 0.0 0.0 0.00687031 0.0 -0.000579704 0.0 0.0 0.0 0.0 0.0 0.0 0.0 0.0 -9.79579e-05 -0.00935814 -0.00357596 -0.0181401 0.0065972 0.00394522 -0.00374986 -9.79579e-05 -0.00357596 -9.79579e-05 0.00195557 -0.15659
cHl1_cHe_ev1*ggH_top_ev3 0.00053929 -0.014312 0.0 -0.00388021 0.0 0.0 0.0 0.0 0.0 0.0 0.0 0.0 0.0 0.0 0.0 0.0 0.0 0.0 0.0 0.0 -0.00640981 0.0 0.00053929 0.0 0.0 0.0 0.0 0.0 0.0 0.0 0.0 0.000131983 0.00724901 0.00206421 0.0155898 -0.00737148 -0.0048918 0.00224133 0.000131983 0.00206421 0.000131983 -0.00178417 0.0229699
cHl3_cll1_ev1^2 0.0156441 0.0173102 0.0152777 0.0162125 0.0143136 0.0871053 -0.0155873 -0.0110242 -0.0146003 -0.0166945 0.0885035 0.0799411 -0.0109684 -0.0147936 -0.0152964 -0.0163366 -0.013879 -0.0131687 0.0887099 -0.0109364 0.0496284 0.0445048 0.0475716 0.0453611 0.0883849 -0.0105498 -0.0172131 -0.0122108 -0.011487 0.0482628 0.0903231 0.0836402 0.0125138 0.0115105 0.015057 0.0122396 0.0113351 0.0134689 0.0850471 0.014346 0.0850014 0.0538388 0.0172811
cHl3_cll1_ev1*cHq3 -0.142853 0.275303 0.36774 -0.265213 -0.183599 0.584948 -0.000472592 0.00504957 0.00286727 0.00479042 0.178417 0.099252 0.00510863 0.00488216 0.00486811 0.00485237 0.00318229 0.00497246 -0.916819 0.00505445 -1.49338 -2.06956 -0.487447 -0.550944 0.0436633 0.00507594 0.00474771 0.00418461 0.00506592 -0.113388 -0.15357 0.432466 0.00337438 0.00329411 0.00356469 0.00337179 0.00335606 0.00347612 -0.683319 0.00356957 0.0987368 -0.500211 -0.00568061
cHl3_cll1_ev1*cHu_cHd_cHq1_ev1 0.0295616 -0.0808518 0.0 0.0787606 0.0 -0.0262238 0.00135802 0.0 0.0 0.0 -0.0129603 -0.00472177 0.0 0.0 0.0 0.0 0.0 0.0 0.0614883 0.0 0.339906 0.0 0.113238 0.0 0.000298876 0.0 0.0 0.0 0.0 0.0 0.00611438 -0.013677 0.0 0.0 0.0 0.0 0.0 0.0 0.0440114 0.0 -0.00367804 0.0533437 0.000751582
cHl3_cll1_ev1*ggH_top_ev1 0.223978 0.234628 0.194573 0.231069 0.220023 0.730915 0.186801 -10.5358 0.191592 -10.0897 0.7321 0.920324 -10.2928 -10.7919 -9.65535 -9.60932 0.221037 -9.83379 0.733286 -10.6786 0.599979 0.585122 0.593778 0.59004 0.731419 -18.6024 -13.89 0.250082 -10.0613 0.494428 0.738204 0.576224 -6.10689 -5.2491 -5.46808 -5.0187 -4.99547 -5.1684 0.578594 -5.22063 0.57809 0.437122 0.130188
cHl3_cll1_ev1*ggH_top_ev2 -0.00807727 -0.0188977 0.000961626 -0.0154619 0.00097299 0.00120112 0.384336 0.0397264 0.298545 0.00615497 0.00120165 0.00128569 0.0333247 0.00980976 -0.00882794 -0.00492193 0.245509 0.00321731 0.00120218 0.0228188 -0.0371129 0.00113602 -0.0121886 0.00113821 0.00120134 0.0119322 0.0221642 0.23129 0.00616769 0.0407595 0.00120437 0.0011319 0.00808065 0.0036344 0.0148368 -0.00417822 -0.00214139 0.00377641 0.00113295 0.00364711 0.00113273 -0.00893198 0.156697
cHl3_cll1_ev1*ggH_top_ev3 0.00749281 0.0175839 -0.000932999 0.0143797 -0.000948311 -0.00125568 0.0516464 -0.0351055 -0.0875161 -0.00387343 -0.00125639 -0.00136963 -0.0291791 -0.00715253 0.0100218 0.0063699 -0.101148 -0.00118063 -0.0012571 -0.019308 0.0345069 -0.00116796 0.0112593 -0.00117092 -0.00125598 -0.00768643 -0.018103 -0.106787 -0.00389056 -0.0288333 -0.00126006 -0.00116247 -0.00640694 -0.00241838 -0.0128271 0.00482639 0.00292218 -0.00256578 -0.0011639 -0.00243551 -0.0011636 0.00825061 -0.0612889
cHq3^2 0.608274 38.896 51.8604 3.29485 0.98787 4.81771 0.217881 0.000173765 0.00611437 0.000173765 0.10442 0.00511702 0.000173765 0.000173765 0.000173765 0.000173765 0.00213099 0.000173765 2.59289 0.000173765 11.4493 15.7277 0.608274 0.601271 0.661162 0.000173765 0.000173765 0.00113319 0.000173765 1.61597 1.80503 4.81689 0.000173736 0.000173736 0.000173736 0.000173736 0.000173736 0.000173736 2.59245 0.000173736 0.303839 2.5053 0.161736
cHq3*cHu_cHd_cHq1_ev1 -0.0531386 -8.369 0.0 -0.494024 0.0 -0.337457 -0.0562045 0.0 -0.00084 0.0 -0.00247552 -0.000262401 0.0 0.0 0.0 0.0 0.0 0.0 -0.119771 0.0 -2.25332 0.0 -0.0531386 0.0 -0.0209834 0.0 0.0 0.0 0.0 0.0 -0.10466 -0.3374 0.0 0.0 0.0 0.0 0.0 0.0 -0.11975 0.0 -0.00986658 0.111151 0.0159232
cHq3*ggH_top_ev1 -1.73341 -12.1703 -14.4058 -3.73569 -2.26931 1.84795 -0.00345723 -0.570568 0.0229317 -0.544289 0.578166 0.54683 -0.5574 -0.58384 -0.520595 -0.517947 0.0259573 -0.531111 -2.78431 -0.578528 -5.64121 -7.45744 -1.73341 -1.9178 0.138101 -1.019 -0.755234 0.0266857 -0.544289 -0.197372 -0.495428 1.84763 -0.636465 -0.544197 -0.570506 -0.520507 -0.517859 -0.537604 -2.78383 -0.544197 0.420052 -2.58419 0.00305215
cHq3*ggH_top_ev2 -0.447848 -28.4371 -0.00643262 -2.37183 -0.00101331 0.000825163 -0.0344115 0.00216576 0.00424064 0.00030077 0.000258168 0.000244175 0.00180985 0.000503641 -0.000532069 -0.000314961 0.00620598 0.00013705 -0.00124327 0.00122615 -8.24107 -0.00332996 -0.447848 -0.000856355 6.16662e-05 0.000621093 0.00119056 0.00686845 0.00030077 -0.106393 -0.000221223 0.000825023 0.000774004 0.000300719 0.00149283 -0.000531978 -0.000314908 0.000314953 -0.00124306 0.000300719 0.000187566 -1.83803 0.0189873
cHq3*ggH_top_ev3 0.418063 26.5276 0.00866695 2.21307 0.00136528 -0.00111178 -0.0675397 -0.00191455 -0.0150492 -0.000179794 -0.000347841 -0.000328988 -0.001585 -0.000361706 0.000592671 0.000389668 -0.0100554 -2.95191e-05 0.00167512 -0.00103662 7.68811 0.0044866 0.418063 0.0011538 -8.30855e-05 -0.000390706 -0.000970714 -0.0085656 -0.000179794 0.0997929 0.000298063 -0.00111159 -0.000604152 -0.000179763 -0.00128686 0.000592571 0.000389602 -0.000194261 0.00167483 -0.000179763 -0.000252715 1.71495 0.0321968
cHu_cHd_cHq1_ev1^2 0.399322 26.7451 0.0 2.16257 0.0 0.905545 0.14712 0.0 0.0021106 0.0 0.0141525 0.0 0.0 0.0 0.0 0.0 0.0 0.0 0.524436 0.0 7.67726 0.0 0.399322 0.0 0.112857 0.0 0.0 0.0 0.0 0.0 0.303358 0.905391 0.0 0.0 0.0 0.0 0.0 0.0 0.524347 0.0 0.0493777 0.698711 0.0222795
cHu_cHd_cHq1_ev1*ggH_top_ev1 0.418315 3.25137 0.0 1.02754 0.0 -0.150622 0.00780007 0.0 0.0 0.0 -0.0388115 -0.0271205 0.0 0.0 0.0 0.0 0.0 0.0 0.209757 0.0 1.52508 0.0 0.418315 0.0 0.00171666 0.0 0.0 0.0 0.0 0.0 0.0351193 -0.150596 0.0 0.0 0.0 0.0 0.0 0.0 0.209721 0.0 -0.0215212 0.265756 0.00292172
cHu_cHd_cHq1_ev1*ggH_top_ev2 -0.0284696 0.939654 0.0 -0.0687946 0.0 -6.72571e-05 0.0257381 0.0 0.00448596 0.0 -1.73305e-05 -1.21101e-05 0.0 0.0 0.0 0.0 0.00686922 0.0 9.36625e-05 0.0 0.148373 0.0 -0.0284696 0.0 7.66539e-07 0.0 0.0 0.00175338 0.0 0.0 1.56818e-05 -6.72456e-05 0.0 0.0 0.0 0.0 0.0 0.0 9.36466e-05 0.0 -9.60984e-06 0.00317259 0.0100713
cHu_cHd_cHq1_ev1*ggH_top_ev3 0.0264783 -0.877087 0.0 0.0639797 0.0 9.06183e-05 0.032542 0.0 0.00567342 0.0 2.33501e-05 1.63165e-05 0.0 0.0 0.0 0.0 0.0105514 0.0 -0.000126196 0.0 -0.138681 0.0 0.0264783 0.0 -1.03279e-06 0.0 0.0 0.00221751 0.0 0.0 -2.11288e-05 9.0603e-05 0.0 0.0 0.0 0.0 0.0 0.0 -0.000126174 0.0 1.29477e-05 -0.00300851 0.00373103
ggH_top_ev1^2 -5.63719 -5.64273 -5.63611 -5.64112 -5.63611 -5.63611 -3.98818 171.202 -5.88183 153.957 -5.63611 -5.63611 172.563 209.75 124.47 124.743 -5.98159 148.334 -5.63611 156.407 -5.64151 -5.63611 -5.63719 -5.63611 -5.63611 683.737 311.796 -6.00348 149.965 -5.76564 -5.63611 -5.63515 244.178 153.931 163.186 124.448 124.722 147.628 -5.63515 149.94 -5.63515 -5.63593 -5.65134
ggH_top_ev1*ggH_top_ev2 -0.330517 -0.438196 -0.309225 -0.407469 -0.309225 -0.309225 0.364518 -13.0189 0.676974 -12.1423 -0.309225 -0.309225 -13.0567 -15.3502 -10.5307 -10.5108 0.609393 -11.7783 -0.309225 -12.3552 -0.414984 -0.309225 -0.330517 -0.309225 -0.309225 -43.3119 -21.7434 0.594617 -11.9276 -0.280059 -0.309225 -0.309173 -17.4731 -12.1403 -12.6515 -10.5289 -10.5091 -11.7582 -0.309173 -11.9256 -0.309173 -0.32452 0.522123
ggH_top_ev1*ggH_top_ev3 0.310385 0.410828 0.290524 0.382166 0.290524 0.290524 1.94024 12.0803 0.47074 11.2691 0.290524 0.290524 12.1151 14.2407 9.7767 9.75807 0.181424 10.9316 0.290524 11.4667 0.389175 0.290524 0.310385 0.290524 0.290524 40.1471 20.1663 0.0907316 11.0703 0.317694 0.290524 0.290475 16.2081 11.2671 11.7406 9.77504 9.75641 10.9131 0.290475 11.0684 0.290475 0.304791 0.511626
ggH_top_ev2^2 0.00373639 0.0329162 0.00215165 0.0127361 0.00215165 0.00215165 1.25358 0.602364 0.39303 0.481409 0.00215165 0.00215165 0.586404 0.620818 0.16575 0.139188 0.232112 0.502871 0.00215165 0.650573 0.0169841 0.00215165 0.00373639 0.00215165 0.00215165 1.96713 0.878391 0.187217 0.467865 0.251374 0.00215165 0.00215128 0.713642 0.481328 0.62828 0.165722 0.139165 0.502794 0.00215128 0.467785 0.00215128 0.00373841 0.414548
ggH_top_ev2*ggH_top_ev3 -0.00690924 -0.0613258 -0.00395677 -0.0236844 -0.00395677 -0.00395677 -2.49012 -1.12133 -0.792394 -0.895846 -0.00395677 -0.00395677 -1.09155 -1.15533 -0.307266 -0.257717 -0.472242 -0.935951 -0.00395677 -1.21139 -0.0316079 -0.00395677 -0.00690924 -0.00395677 -0.00395677 -3.66176 -1.63466 -0.37826 -0.870617 -0.281385 -0.00395677 -0.0039561 -1.3281 -0.895694 -1.16975 -0.307214 -0.257673 -0.93581 -0.0039561 -0.870469 -0.0039561 -0.00691412 -0.814227
ggH_top_ev3^2 0.00319366 0.0285636 0.0018185 0.0110108 0.0018185 0.0018185 2.65904 0.521856 0.816795 0.416768 0.0018185 0.0018185 0.507964 0.537512 0.1424 0.119293 0.484008 0.435504 0.0018185 0.563916 0.0147055 0.0018185 0.00319366 0.0018185 0.0018185 1.70408 0.760518 0.376648 0.40502 0.19697 0.0018185 0.00181819 0.61791 0.416698 0.544469 0.142376 0.119273 0.43544 0.00181819 0.404952 0.00181819 0.00319645 0.828881
